53
Erinaceus_europaeus| 0.0000000 0.0275818 0.0276080 0.1985552 0.2420599 0.2275610 0.3044462 0.3123956 0.3426365 0.3567763 0.3454475 0.3504399 0.3426080 0.3095897 0.2968473 0.3099204 0.3007787 0.3236840 0.3168400 0.3195758 0.3293982 0.2983130 0.3121620 0.3150631 0.3134619 0.2913262 0.2995522 0.3451494 0.3078145 0.3139535 0.3727856 0.3808021 0.3607787 0.4094398 0.3746733 0.3710526 0.3667265 0.3415618 0.3340297 0.3444070 0.3041342 0.3567045 0.3683478 0.3633965 0.2993545 0.3533117 0.3521760 0.3570778 0.3377407 0.3375266 0.3404940 0.3247802 0.3254140 
Hemiechinus_auritus| 0.0275818 0.0000000 0.0062768 0.2111030 0.2222078 0.2114558 0.3301059 0.3433913 0.3439392 0.3380417 0.3532680 0.3571990 0.3247215 0.3104777 0.2922724 0.3139468 0.3051750 0.3301138 0.3166389 0.3176274 0.3377964 0.3013639 0.3130143 0.3171778 0.3124064 0.3159228 0.3223790 0.3300769 0.3100849 0.3253348 0.3553755 0.3661818 0.3469282 0.3933109 0.3569619 0.3567949 0.3516082 0.3315234 0.3242926 0.3335562 0.3141828 0.3552980 0.3620294 0.3538839 0.3208322 0.3477266 0.3373730 0.3461353 0.3365432 0.3295722 0.3300415 0.3148599 0.3154606 
Paraechinus_aethiopi 0.0276080 0.0062768 0.0000000 0.2067016 0.2193174 0.2086521 0.3249773 0.3382143 0.3398440 0.3414475 0.3567316 0.3586597 0.3280223 0.3082872 0.2901304 0.3117630 0.3030041 0.3334429 0.3198788 0.3208804 0.3382431 0.3045429 0.3162529 0.3204249 0.3156370 0.3073751 0.3129482 0.3213781 0.3017334 0.3167253 0.3522939 0.3629458 0.3437850 0.3863993 0.3537445 0.3536014 0.3482051 0.3350834 0.3212772 0.3284956 0.3078267 0.3469119 0.3502039 0.3422830 0.3118938 0.3393516 0.3289722 0.3376880 0.3281681 0.3213458 0.3218051 0.3068803 0.3074614 
Podogymnura_truei|AP 0.1985552 0.2111030 0.2067016 0.0000000 0.1164172 0.0846735 0.2716177 0.2750280 0.3158376 0.3661054 0.3331139 0.3362862 0.3169029 0.2963015 0.2862936 0.2924316 0.2859812 0.3062214 0.2967518 0.2995532 0.3051003 0.2816031 0.2872677 0.2841708 0.2901330 0.2800778 0.2882669 0.3470999 0.2908845 0.2905824 0.3434393 0.3697872 0.3473675 0.3697894 0.3533466 0.3449277 0.3507527 0.2905221 0.2815307 0.3589558 0.2747103 0.3499084 0.3508936 0.3385913 0.2674697 0.3369574 0.3608655 0.3367167 0.3365891 0.3129831 0.3265122 0.2999883 0.3005491 
Hylomys_suillus|APOB 0.2420599 0.2222078 0.2193174 0.1164172 0.0000000 0.0604313 0.3400089 0.3475993 0.3501594 0.4151061 0.4043226 0.4223533 0.3556765 0.3301488 0.3094144 0.3332038 0.3208114 0.3649357 0.3373249 0.3379796 0.3391463 0.3181052 0.3313497 0.3300988 0.3336354 0.3493307 0.3747546 0.3524265 0.3350827 0.3244452 0.4032568 0.4063126 0.3864452 0.4060693 0.3917501 0.3786364 0.3786369 0.3511492 0.3535251 0.3758829 0.3584879 0.3738742 0.3955401 0.3851842 0.3732392 0.3644135 0.3564495 0.3517587 0.3443007 0.3255865 0.3374572 0.3142201 0.3148135 
Neotetracus_sinensis 0.2275610 0.2114558 0.2086521 0.0846735 0.0604313 0.0000000 0.3138302 0.3210981 0.3287087 0.3720125 0.3595388 0.3736993 0.3132616 0.3003155 0.2766024 0.2989291 0.2873300 0.3392129 0.3027251 0.3032854 0.3004937 0.2847171 0.2927366 0.2851516 0.2954610 0.3284742 0.3501005 0.3310347 0.3011491 0.2973747 0.3484141 0.3566882 0.3384689 0.3600460 0.3511930 0.3311783 0.3326350 0.3056538 0.2921571 0.3442160 0.3244317 0.3362292 0.3651335 0.3592225 0.3425543 0.3342545 0.3267182 0.3229987 0.3218957 0.3095906 0.3154652 0.2872710 0.2877989 
Atopogale_cubana|APO 0.3044462 0.3301059 0.3249773 0.2716177 0.3400089 0.3138302 0.0000000 0.0215086 0.2529052 0.3171227 0.2694284 0.2827718 0.2795661 0.2583669 0.2332949 0.2466777 0.2447102 0.2726778 0.2522910 0.2528440 0.2589689 0.2350338 0.2335444 0.2227084 0.2329022 0.3005593 0.2765668 0.3055552 0.2935972 0.2973245 0.3376445 0.3628022 0.3287027 0.3542988 0.3431173 0.3384024 0.3446602 0.3317669 0.3358337 0.3148969 0.2771559 0.3303587 0.3248364 0.3170787 0.2798554 0.3346318 0.3170175 0.3214460 0.3484124 0.3104433 0.3417267 0.3110573 0.3151896 
Solenodon_paradoxus| 0.3123956 0.3433913 0.3382143 0.2750280 0.3475993 0.3210981 0.0215086 0.0000000 0.2624298 0.3166436 0.2728482 0.2843260 0.2713476 0.2578120 0.2311059 0.2444250 0.2424672 0.2678069 0.2500130 0.2505591 0.2606583 0.2346291 0.2313521 0.2205785 0.2270402 0.2857337 0.2668683 0.2877288 0.2890779 0.2853091 0.3090092 0.3321299 0.2996082 0.3335619 0.3195624 0.3219739 0.3196449 0.3092667 0.3135493 0.3037182 0.2675330 0.3128009 0.3110524 0.3101029 0.2702871 0.3167941 0.3099287 0.2944740 0.3267829 0.2970244 0.3171968 0.2914035 0.2954108 
Uropsilus_soricipes| 0.3426365 0.3439392 0.3398440 0.3158376 0.3501594 0.3287087 0.2529052 0.2624298 0.0000000 0.1873795 0.1776963 0.1847541 0.1604205 0.1309185 0.1120357 0.1286813 0.1269947 0.1541979 0.1566659 0.1495291 0.1314223 0.1177974 0.1277787 0.1129190 0.1177578 0.3489521 0.3094055 0.3254382 0.3232816 0.3378764 0.3217148 0.3423568 0.3189756 0.3397658 0.3274822 0.3249132 0.3415341 0.3165111 0.3118314 0.3322339 0.2994237 0.3471148 0.3276049 0.3127508 0.3066884 0.3450923 0.3344749 0.3232125 0.3314872 0.3312794 0.3523863 0.3209704 0.3147631 
Neurotrichus_gibbsii 0.3567763 0.3380417 0.3414475 0.3661054 0.4151061 0.3720125 0.3171227 0.3166436 0.1873795 0.0000000 0.1284081 0.1306175 0.1559779 0.1357677 0.1164869 0.1302485 0.1257590 0.1148929 0.1332499 0.1284527 0.1299001 0.1090185 0.1135289 0.1088403 0.1031531 0.3706624 0.3381811 0.3275014 0.3496564 0.3862208 0.3886061 0.3970841 0.3660922 0.3924445 0.3821350 0.3874462 0.3940263 0.3414472 0.3424131 0.3546685 0.3183848 0.3635348 0.3582381 0.3609887 0.3366466 0.3769730 0.3493457 0.3536240 0.3518528 0.3459222 0.3670534 0.3452964 0.3426367 
Dymecodon_pilirostri 0.3454475 0.3532680 0.3567316 0.3331139 0.4043226 0.3595388 0.2694284 0.2728482 0.1776963 0.1284081 0.0000000 0.0211808 0.1337625 0.1217821 0.1090241 0.1180439 0.1181874 0.1112638 0.1183568 0.1152332 0.1018887 0.0885672 0.0931157 0.0928623 0.0957662 0.3404980 0.3068547 0.3554058 0.3369307 0.3529889 0.3850050 0.3930438 0.3774644 0.3937438 0.3864406 0.3791394 0.3973175 0.3632301 0.3708484 0.3626992 0.3052510 0.3882055 0.3590438 0.3552947 0.3015981 0.3786694 0.3612580 0.3563566 0.3735728 0.3592551 0.3698054 0.3442105 0.3453419 
Urotrichus_talpoides 0.3504399 0.3571990 0.3586597 0.3362862 0.4223533 0.3736993 0.2827718 0.2843260 0.1847541 0.1306175 0.0211808 0.0000000 0.1434138 0.1281312 0.1151567 0.1273114 0.1274694 0.1194299 0.1246378 0.1214660 0.1054262 0.0929736 0.0990351 0.0973952 0.1017086 0.3495436 0.3164413 0.3654700 0.3511742 0.3622134 0.3918808 0.4102855 0.3812280 0.4114865 0.3936060 0.3896846 0.4012382 0.3724745 0.3698674 0.3688477 0.3145169 0.4022229 0.3760108 0.3720346 0.3107899 0.3926638 0.3782290 0.3660445 0.3836612 0.3689734 0.3797522 0.3536062 0.3547796 
Condylura_cristata|A 0.3426080 0.3247215 0.3280223 0.3169029 0.3556765 0.3132616 0.2795661 0.2713476 0.1604205 0.1559779 0.1337625 0.1434138 0.0000000 0.1037175 0.0960747 0.1045842 0.1031879 0.1159207 0.1017403 0.1030349 0.1064107 0.0927837 0.0971427 0.0912264 0.0885300 0.3275079 0.2885538 0.2860479 0.3301536 0.3337068 0.3166672 0.3367671 0.3075140 0.3315669 0.3222216 0.3199595 0.3289157 0.2892756 0.2936813 0.2945541 0.2922871 0.2966902 0.2929492 0.2900405 0.2950343 0.3071288 0.3037954 0.2826265 0.2934100 0.2853604 0.2886976 0.2758007 0.2732463 
Parascalops_breweri| 0.3095897 0.3104777 0.3082872 0.2963015 0.3301488 0.3003155 0.2583669 0.2578120 0.1309185 0.1357677 0.1217821 0.1281312 0.1037175 0.0000000 0.0350611 0.0453965 0.0403445 0.0971256 0.0940860 0.0939205 0.0771634 0.0752369 0.0737830 0.0682885 0.0683695 0.3245826 0.2711941 0.2853078 0.3091620 0.3083207 0.3193518 0.3317089 0.3059046 0.3299577 0.3169465 0.3183736 0.3229997 0.2772821 0.2851586 0.3005556 0.2791626 0.3022502 0.2821478 0.2893894 0.2811477 0.3102509 0.2909947 0.2863490 0.2990955 0.2946470 0.3039456 0.2812988 0.2787219 
Scapanulus_oweni|APO 0.2968473 0.2922724 0.2901304 0.2862936 0.3094144 0.2766024 0.2332949 0.2311059 0.1120357 0.1164869 0.1090241 0.1151567 0.0960747 0.0350611 0.0000000 0.0362151 0.0325360 0.0813458 0.0766473 0.0738036 0.0647321 0.0573476 0.0585824 0.0545663 0.0559147 0.2979893 0.2467963 0.2432886 0.2914407 0.2912046 0.2901165 0.3049997 0.2806161 0.3025810 0.2909272 0.2924158 0.2902148 0.2512808 0.2592035 0.2654772 0.2546948 0.2742410 0.2733577 0.2706704 0.2627574 0.2812731 0.2668976 0.2488179 0.2674129 0.2600083 0.2685739 0.2476965 0.2451856 
Scalopus_aquaticus|A 0.3099204 0.3139468 0.3117630 0.2924316 0.3332038 0.2989291 0.2466777 0.2444250 0.1286813 0.1302485 0.1180439 0.1273114 0.1045842 0.0453965 0.0362151 0.0000000 0.0164154 0.0916193 0.0865064 0.0863563 0.0752322 0.0693975 0.0680156 0.0665603 0.0679483 0.3088054 0.2642459 0.2651443 0.3042697 0.3075071 0.3007410 0.3126860 0.3004544 0.3170401 0.3046981 0.3061519 0.3057208 0.2667009 0.2745865 0.2841517 0.2659717 0.2958813 0.2941007 0.2911680 0.2721773 0.3034080 0.2886756 0.2632209 0.2825470 0.2747578 0.2836266 0.2620175 0.2594798 
Scapanus_latimanus|A 0.3007787 0.3051750 0.3030041 0.2859812 0.3208114 0.2873300 0.2447102 0.2424672 0.1269947 0.1257590 0.1181874 0.1274694 0.1031879 0.0403445 0.0325360 0.0164154 0.0000000 0.0840878 0.0838346 0.0836893 0.0723345 0.0667790 0.0654035 0.0613163 0.0626898 0.3124275 0.2602050 0.2619265 0.3015120 0.3100425 0.3026554 0.3146660 0.2898521 0.3124919 0.3003922 0.3018539 0.3011296 0.2628097 0.2706864 0.2762990 0.2659583 0.2847324 0.2766345 0.2739088 0.2661411 0.2854458 0.2774583 0.2590245 0.2781035 0.2704407 0.2792055 0.2578471 0.2553214 
Scaptonyx_fusicauda| 0.3236840 0.3301138 0.3334429 0.3062214 0.3649357 0.3392129 0.2726778 0.2678069 0.1541979 0.1148929 0.1112638 0.1194299 0.1159207 0.0971256 0.0813458 0.0916193 0.0840878 0.0000000 0.1086659 0.1038386 0.0937743 0.0861619 0.0878553 0.0816897 0.0862306 0.3220817 0.2912147 0.3131529 0.3185468 0.3263907 0.3480296 0.3611323 0.3340894 0.3656939 0.3458042 0.3525494 0.3532030 0.3157230 0.3202669 0.3312559 0.2900070 0.3434437 0.3393600 0.3358887 0.3015450 0.3357544 0.3240170 0.3168660 0.3275349 0.3218481 0.3191407 0.3083105 0.3057098 
Desmana_moschata|APO 0.3168400 0.3166389 0.3198788 0.2967518 0.3373249 0.3027251 0.2522910 0.2500130 0.1566659 0.1332499 0.1183568 0.1246378 0.1017403 0.0940860 0.0766473 0.0865064 0.0838346 0.1086659 0.0000000 0.0177478 0.0819120 0.0696222 0.0764538 0.0694914 0.0708934 0.3212126 0.2830127 0.2807080 0.3141751 0.3215907 0.3190965 0.3428907 0.3195261 0.3374936 0.3346876 0.3280571 0.3423855 0.2931302 0.3024366 0.3035955 0.2698594 0.3150067 0.2882428 0.2952274 0.2671063 0.3090703 0.3076418 0.2924081 0.3054380 0.2970748 0.3063857 0.2907860 0.2882068 
Galemys_pyrenaicus|A 0.3195758 0.3176274 0.3208804 0.2995532 0.3379796 0.3032854 0.2528440 0.2505591 0.1495291 0.1284527 0.1152332 0.1214660 0.1030349 0.0939205 0.0738036 0.0863563 0.0836893 0.1038386 0.0177478 0.0000000 0.0816808 0.0628178 0.0722415 0.0653509 0.0640798 0.3120881 0.2763554 0.2728767 0.3051768 0.3148193 0.3090268 0.3252274 0.3026533 0.3194736 0.3172731 0.3150408 0.3198620 0.2831135 0.2923782 0.2955844 0.2635953 0.3083958 0.2885752 0.2955666 0.2655268 0.3165184 0.2959816 0.2814495 0.2975186 0.2893626 0.2985118 0.2832108 0.2806449 
Euroscaptor_subanura 0.3293982 0.3377964 0.3382431 0.3051003 0.3391463 0.3004937 0.2589689 0.2606583 0.1314223 0.1299001 0.1018887 0.1054262 0.1064107 0.0771634 0.0647321 0.0752322 0.0723345 0.0937743 0.0819120 0.0816808 0.0000000 0.0373124 0.0344790 0.0262589 0.0262738 0.3243635 0.2869337 0.2805711 0.3148641 0.3260708 0.3406049 0.3488555 0.3257977 0.3461196 0.3370676 0.3392484 0.3420743 0.3057826 0.3138311 0.3167770 0.3032011 0.3239435 0.3164611 0.3129898 0.2932972 0.3126674 0.3090868 0.3024935 0.3286865 0.3125850 0.3222113 0.2987705 0.2961760 
Talpa_europaea|APOB| 0.2983130 0.3013639 0.3045429 0.2816031 0.3181052 0.2847171 0.2350338 0.2346291 0.1177974 0.1090185 0.0885672 0.0929736 0.0927837 0.0752369 0.0573476 0.0693975 0.0667790 0.0861619 0.0696222 0.0628178 0.0373124 0.0000000 0.0325993 0.0263484 0.0275985 0.3061563 0.2631781 0.2689301 0.2998123 0.3130672 0.3254400 0.3388838 0.3163684 0.3412385 0.3276890 0.3223292 0.3378690 0.2888562 0.2904381 0.3097198 0.2691102 0.3087065 0.2991581 0.2961826 0.2665821 0.3094725 0.2993914 0.2962581 0.2989281 0.2990156 0.3083288 0.2891721 0.2866042 
Mogera_wogura|APOB|o 0.3121620 0.3130143 0.3162529 0.2872677 0.3313497 0.2927366 0.2335444 0.2313521 0.1277787 0.1135289 0.0931157 0.0990351 0.0971427 0.0737830 0.0585824 0.0680156 0.0654035 0.0878553 0.0764538 0.0722415 0.0344790 0.0325993 0.0000000 0.0250111 0.0262511 0.3107725 0.2588404 0.2651550 0.3091283 0.3099952 0.3231663 0.3327190 0.3140373 0.3341246 0.3253267 0.3267342 0.3363540 0.2849040 0.2899481 0.3008544 0.2574856 0.3085487 0.2934909 0.2905723 0.2677792 0.3163962 0.3041077 0.2839540 0.2986702 0.2904573 0.2996601 0.2807458 0.2781739 
Parascaptor_leucura| 0.3150631 0.3171778 0.3204249 0.2841708 0.3300988 0.2851516 0.2227084 0.2205785 0.1129190 0.1088403 0.0928623 0.0973952 0.0912264 0.0682885 0.0545663 0.0665603 0.0613163 0.0816897 0.0694914 0.0653509 0.0262589 0.0263484 0.0250111 0.0000000 0.0129364 0.3014041 0.2576859 0.2717585 0.2979397 0.2977263 0.3250237 0.3384285 0.3129775 0.3360964 0.3272531 0.3286499 0.3383981 0.2874000 0.2861864 0.3036743 0.2643753 0.3112556 0.2933073 0.2903924 0.2647738 0.3088728 0.2971586 0.2935695 0.3012566 0.2999437 0.3092924 0.2865228 0.2839530 
Scaptochirus_moschat 0.3134619 0.3124064 0.3156370 0.2901330 0.3336354 0.2954610 0.2329022 0.2270402 0.1177578 0.1031531 0.0957662 0.1017086 0.0885300 0.0683695 0.0559147 0.0679483 0.0626898 0.0862306 0.0708934 0.0640798 0.0262738 0.0275985 0.0262511 0.0129364 0.0000000 0.3011806 0.2558524 0.2617789 0.2948810 0.3027525 0.3095694 0.3186453 0.2969369 0.3158497 0.3077707 0.3092266 0.3173332 0.2815883 0.2866521 0.2901802 0.2607350 0.3013428 0.2840662 0.2812507 0.2629766 0.3020218 0.2903641 0.2836920 0.2982008 0.2900089 0.2991922 0.2804901 0.2779209 
Cryptotis_parvus|APO 0.2913262 0.3159228 0.3073751 0.2800778 0.3493307 0.3284742 0.3005593 0.2857337 0.3489521 0.3706624 0.3404980 0.3495436 0.3275079 0.3245826 0.2979893 0.3088054 0.3124275 0.3220817 0.3212126 0.3120881 0.3243635 0.3061563 0.3107725 0.3014041 0.3011806 0.0000000 0.0358016 0.0665349 0.1332005 0.1263450 0.1913262 0.1962838 0.1697177 0.1833232 0.1864704 0.1739852 0.1699432 0.1734937 0.1614759 0.1440603 0.1220063 0.1566183 0.1732661 0.1906607 0.1370266 0.1670613 0.1688538 0.1603796 0.1630492 0.1524657 0.1526622 0.1450086 0.1546251 
Blarina_brevicauda|A 0.2995522 0.3223790 0.3129482 0.2882669 0.3747546 0.3501005 0.2765668 0.2668683 0.3094055 0.3381811 0.3068547 0.3164413 0.2885538 0.2711941 0.2467963 0.2642459 0.2602050 0.2912147 0.2830127 0.2763554 0.2869337 0.2631781 0.2588404 0.2576859 0.2558524 0.0358016 0.0000000 0.0555324 0.1251078 0.1216699 0.1802307 0.2021299 0.1728322 0.1848100 0.1866387 0.1852112 0.1771225 0.1756717 0.1597975 0.1331476 0.1027001 0.1346233 0.1304583 0.1392736 0.1099295 0.1498607 0.1548948 0.1343539 0.1457400 0.1311031 0.1365349 0.1244658 0.1298579 
Blarinella_quadratic 0.3451494 0.3300769 0.3213781 0.3470999 0.3524265 0.3310347 0.3055552 0.2877288 0.3254382 0.3275014 0.3554058 0.3654700 0.2860479 0.2853078 0.2432886 0.2651443 0.2619265 0.3131529 0.2807080 0.2728767 0.2805711 0.2689301 0.2651550 0.2717585 0.2617789 0.0665349 0.0555324 0.0000000 0.1391642 0.1316333 0.1849195 0.1906837 0.1722913 0.1758382 0.1808052 0.1762641 0.1631791 0.1728277 0.1669815 0.1229716 0.1202929 0.1323300 0.1404634 0.1473652 0.1533821 0.1506347 0.1406294 0.1363293 0.1415006 0.1295358 0.1377607 0.1262551 0.1317353 
Anourosorex_yamashin 0.3078145 0.3100849 0.3017334 0.2908845 0.3350827 0.3011491 0.2935972 0.2890779 0.3232816 0.3496564 0.3369307 0.3511742 0.3301536 0.3091620 0.2914407 0.3042697 0.3015120 0.3185468 0.3141751 0.3051768 0.3148641 0.2998123 0.3091283 0.2979397 0.2948810 0.1332005 0.1251078 0.1391642 0.0000000 0.1156511 0.2244786 0.2232114 0.1957147 0.2146741 0.2132618 0.2038527 0.1959688 0.1827324 0.1867294 0.1321895 0.1198348 0.1591558 0.1769388 0.1896644 0.1312600 0.1652734 0.0000010 0.1320725 0.1285917 0.1217010 0.1133255 0.1122609 0.1211595 
Notiosorex_crawfordi 0.3139535 0.3253348 0.3167253 0.2905824 0.3244452 0.2973747 0.2973245 0.2853091 0.3378764 0.3862208 0.3529889 0.3622134 0.3337068 0.3083207 0.2912046 0.3075071 0.3100425 0.3263907 0.3215907 0.3148193 0.3260708 0.3130672 0.3099952 0.2977263 0.3027525 0.1263450 0.1216699 0.1316333 0.1156511 0.0000000 0.1986071 0.2172559 0.1895966 0.2002699 0.2035712 0.1977691 0.1863743 0.1800032 0.1779094 0.1096141 0.1051834 0.1327538 0.1494220 0.1583345 0.1304451 0.1457507 0.1294950 0.1064764 0.0940454 0.0969117 0.0913924 0.0849988 0.0935467 
Suncus_murinus|APOB| 0.3727856 0.3553755 0.3522939 0.3434393 0.4032568 0.3484141 0.3376445 0.3090092 0.3217148 0.3886061 0.3850050 0.3918808 0.3166672 0.3193518 0.2901165 0.3007410 0.3026554 0.3480296 0.3190965 0.3090268 0.3406049 0.3254400 0.3231663 0.3250237 0.3095694 0.1913262 0.1802307 0.1849195 0.2244786 0.1986071 0.0000000 0.0504996 0.0437734 0.0372505 0.0462305 0.0320022 0.0303251 0.1441077 0.1282331 0.1812697 0.1728784 0.2062998 0.2055786 0.2124136 0.2069564 0.2150213 0.2204310 0.1993965 0.2096917 0.1951283 0.1992136 0.1877157 0.1936365 
Crocidura_russula|AP 0.3808021 0.3661818 0.3629458 0.3697872 0.4063126 0.3566882 0.3628022 0.3321299 0.3423568 0.3970841 0.3930438 0.4102855 0.3367671 0.3317089 0.3049997 0.3126860 0.3146660 0.3611323 0.3428907 0.3252274 0.3488555 0.3388838 0.3327190 0.3384285 0.3186453 0.1962838 0.2021299 0.1906837 0.2232114 0.2172559 0.0504996 0.0000000 0.0322815 0.0482720 0.0265629 0.0364542 0.0307423 0.1464843 0.1325798 0.1845849 0.1920421 0.2130512 0.2136244 0.2207069 0.2138142 0.2133101 0.2262753 0.2107155 0.2275913 0.2122821 0.2124606 0.2044746 0.2106192 
Crocidura_suaveolens 0.3607787 0.3469282 0.3437850 0.3473675 0.3864452 0.3384689 0.3287027 0.2996082 0.3189756 0.3660922 0.3774644 0.3812280 0.3075140 0.3059046 0.2806161 0.3004544 0.2898521 0.3340894 0.3195261 0.3026533 0.3257977 0.3163684 0.3140373 0.3129775 0.2969369 0.1697177 0.1728322 0.1722913 0.1957147 0.1895966 0.0437734 0.0322815 0.0000000 0.0373499 0.0282674 0.0300869 0.0262050 0.1379705 0.1219710 0.1765284 0.1810094 0.1928197 0.1949271 0.2018639 0.1939671 0.1986982 0.1980725 0.1834028 0.1991783 0.1850449 0.1852023 0.1778605 0.1836508 
Crocidura_lasiura|AP 0.4094398 0.3933109 0.3863993 0.3697894 0.4060693 0.3600460 0.3542988 0.3335619 0.3397658 0.3924445 0.3937438 0.4114865 0.3315669 0.3299577 0.3025810 0.3170401 0.3124919 0.3656939 0.3374936 0.3194736 0.3461196 0.3412385 0.3341246 0.3360964 0.3158497 0.1833232 0.1848100 0.1758382 0.2146741 0.2002699 0.0372505 0.0482720 0.0373499 0.0000000 0.0396542 0.0213070 0.0186871 0.1412985 0.1270725 0.1959322 0.1879016 0.2127724 0.2052803 0.2122787 0.2161841 0.2193035 0.2168379 0.2052188 0.2181181 0.1996543 0.2009554 0.1989389 0.2051933 
Crocidura_olivieri|A 0.3746733 0.3569619 0.3537445 0.3533466 0.3917501 0.3511930 0.3431173 0.3195624 0.3274822 0.3821350 0.3864406 0.3936060 0.3222216 0.3169465 0.2909272 0.3046981 0.3003922 0.3458042 0.3346876 0.3172731 0.3370676 0.3276890 0.3253267 0.3272531 0.3077707 0.1864704 0.1866387 0.1808052 0.2132618 0.2035712 0.0462305 0.0265629 0.0282674 0.0396542 0.0000000 0.0284498 0.0243163 0.1421332 0.1258066 0.1791386 0.1843631 0.2082035 0.2067281 0.2078518 0.2086880 0.2112501 0.2129090 0.1977223 0.2141282 0.1963369 0.1995010 0.1917981 0.1977935 
Diplomesodon_sp.|APO 0.3710526 0.3567949 0.3536014 0.3449277 0.3786364 0.3311783 0.3384024 0.3219739 0.3249132 0.3874462 0.3791394 0.3896846 0.3199595 0.3183736 0.2924158 0.3061519 0.3018539 0.3525494 0.3280571 0.3150408 0.3392484 0.3223292 0.3267342 0.3286499 0.3092266 0.1739852 0.1852112 0.1762641 0.2038527 0.1977691 0.0320022 0.0364542 0.0300869 0.0213070 0.0284498 0.0000000 0.0079165 0.1407857 0.1246457 0.1781565 0.1795559 0.2036061 0.2001403 0.2099565 0.2039411 0.2066101 0.2081078 0.1931414 0.2092860 0.1947559 0.1929669 0.1873605 0.1932695 
Suncus_etruscus|APOB 0.3667265 0.3516082 0.3482051 0.3507527 0.3786369 0.3326350 0.3446602 0.3196449 0.3415341 0.3940263 0.3973175 0.4012382 0.3289157 0.3229997 0.2902148 0.3057208 0.3011296 0.3532030 0.3423855 0.3198620 0.3420743 0.3378690 0.3363540 0.3383981 0.3173332 0.1699432 0.1771225 0.1631791 0.1959688 0.1863743 0.0303251 0.0307423 0.0262050 0.0186871 0.0243163 0.0079165 0.0000000 0.1339735 0.1143771 0.1682991 0.1714019 0.1853777 0.1883693 0.1994545 0.1944552 0.1913321 0.1947459 0.1801806 0.1958276 0.1818308 0.1857358 0.1747185 0.1804674 
Congosorex_phillipso 0.3415618 0.3315234 0.3350834 0.2905221 0.3511492 0.3056538 0.3317669 0.3092667 0.3165111 0.3414472 0.3632301 0.3724745 0.2892756 0.2772821 0.2512808 0.2667009 0.2628097 0.3157230 0.2931302 0.2831135 0.3057826 0.2888562 0.2849040 0.2874000 0.2815883 0.1734937 0.1756717 0.1728277 0.1827324 0.1800032 0.1441077 0.1464843 0.1379705 0.1412985 0.1421332 0.1407857 0.1339735 0.0000000 0.0652715 0.1780701 0.1654346 0.1927896 0.1954195 0.1999487 0.1924652 0.2013821 0.1955936 0.1874933 0.1867315 0.1816047 0.1898144 0.1786961 0.1846034 
Myosorex_kihaulei|AP 0.3340297 0.3242926 0.3212772 0.2815307 0.3535251 0.2921571 0.3358337 0.3135493 0.3118314 0.3424131 0.3708484 0.3698674 0.2936813 0.2851586 0.2592035 0.2745865 0.2706864 0.3202669 0.3024366 0.2923782 0.3138311 0.2904381 0.2899481 0.2861864 0.2866521 0.1614759 0.1597975 0.1669815 0.1867294 0.1779094 0.1282331 0.1325798 0.1219710 0.1270725 0.1258066 0.1246457 0.1143771 0.0652715 0.0000000 0.1608526 0.1579128 0.1812973 0.1841548 0.1938222 0.1818751 0.1869904 0.1893338 0.1701561 0.1764063 0.1630983 0.1725664 0.1620714 0.1677353 
Sorex_cinereus|APOB| 0.3444070 0.3335562 0.3284956 0.3589558 0.3758829 0.3442160 0.3148969 0.3037182 0.3322339 0.3546685 0.3626992 0.3688477 0.2945541 0.3005556 0.2654772 0.2841517 0.2762990 0.3312559 0.3035955 0.2955844 0.3167770 0.3097198 0.3008544 0.3036743 0.2901802 0.1440603 0.1331476 0.1229716 0.1321895 0.1096141 0.1812697 0.1845849 0.1765284 0.1959322 0.1791386 0.1781565 0.1682991 0.1780701 0.1608526 0.0000000 0.0376438 0.0698581 0.0891983 0.0963764 0.0944191 0.0945766 0.1435173 0.1250478 0.1225549 0.1119837 0.1140754 0.1003572 0.1054764 
Sorex_monticolus|APO 0.3041342 0.3141828 0.3078267 0.2747103 0.3584879 0.3244317 0.2771559 0.2675330 0.2994237 0.3183848 0.3052510 0.3145169 0.2922871 0.2791626 0.2546948 0.2659717 0.2659583 0.2900070 0.2698594 0.2635953 0.3032011 0.2691102 0.2574856 0.2643753 0.2607350 0.1220063 0.1027001 0.1202929 0.1198348 0.1051834 0.1728784 0.1920421 0.1810094 0.1879016 0.1843631 0.1795559 0.1714019 0.1654346 0.1579128 0.0376438 0.0000000 0.0771764 0.0833723 0.0919287 0.0706723 0.0944370 0.1353074 0.1217258 0.1166052 0.1138529 0.1113387 0.0973356 0.1023996 
Sorex_alpinus|APOB|o 0.3567045 0.3552980 0.3469119 0.3499084 0.3738742 0.3362292 0.3303587 0.3128009 0.3471148 0.3635348 0.3882055 0.4022229 0.2966902 0.3022502 0.2742410 0.2958813 0.2847324 0.3434437 0.3150067 0.3083958 0.3239435 0.3087065 0.3085487 0.3112556 0.3013428 0.1566183 0.1346233 0.1323300 0.1591558 0.1327538 0.2062998 0.2130512 0.1928197 0.2127724 0.2082035 0.2036061 0.1853777 0.1927896 0.1812973 0.0698581 0.0771764 0.0000000 0.0411134 0.0566755 0.0481091 0.0481769 0.1554485 0.1304351 0.1275027 0.1277503 0.1278514 0.1158231 0.1185593 
Sorex_minutus|APOB|o 0.3683478 0.3620294 0.3502039 0.3508936 0.3955401 0.3651335 0.3248364 0.3110524 0.3276049 0.3582381 0.3590438 0.3760108 0.2929492 0.2821478 0.2733577 0.2941007 0.2766345 0.3393600 0.2882428 0.2885752 0.3164611 0.2991581 0.2934909 0.2933073 0.2840662 0.1732661 0.1304583 0.1404634 0.1769388 0.1494220 0.2055786 0.2136244 0.1949271 0.2052803 0.2067281 0.2001403 0.1883693 0.1954195 0.1841548 0.0891983 0.0833723 0.0411134 0.0000000 0.0211283 0.0192406 0.0191530 0.1705250 0.1518886 0.1508641 0.1481943 0.1513190 0.1380975 0.1412163 
Sorex_caecutiens|APO 0.3633965 0.3538839 0.3422830 0.3385913 0.3851842 0.3592225 0.3170787 0.3101029 0.3127508 0.3609887 0.3552947 0.3720346 0.2900405 0.2893894 0.2706704 0.2911680 0.2739088 0.3358887 0.2952274 0.2955666 0.3129898 0.2961826 0.2905723 0.2903924 0.2812507 0.1906607 0.1392736 0.1473652 0.1896644 0.1583345 0.2124136 0.2207069 0.2018639 0.2122787 0.2078518 0.2099565 0.1994545 0.1999487 0.1938222 0.0963764 0.0919287 0.0566755 0.0211283 0.0000000 0.0269529 0.0298872 0.1773984 0.1530196 0.1490346 0.1434865 0.1494783 0.1364511 0.1395266 
Sorex_araneus|APOB|o 0.2993545 0.3208322 0.3118938 0.2674697 0.3732392 0.3425543 0.2798554 0.2702871 0.3066884 0.3366466 0.3015981 0.3107899 0.2950343 0.2811477 0.2627574 0.2721773 0.2661411 0.3015450 0.2671063 0.2655268 0.2932972 0.2665821 0.2677792 0.2647738 0.2629766 0.1370266 0.1099295 0.1533821 0.1312600 0.1304451 0.2069564 0.2138142 0.1939671 0.2161841 0.2086880 0.2039411 0.1944552 0.1924652 0.1818751 0.0944191 0.0706723 0.0481091 0.0192406 0.0269529 0.0000000 0.0115452 0.1709554 0.1493970 0.1526125 0.1529192 0.1530413 0.1400929 0.1430010 
Sorex_coronatus|APOB 0.3533117 0.3477266 0.3393516 0.3369574 0.3644135 0.3342545 0.3346318 0.3167941 0.3450923 0.3769730 0.3786694 0.3926638 0.3071288 0.3102509 0.2812731 0.3034080 0.2854458 0.3357544 0.3090703 0.3165184 0.3126674 0.3094725 0.3163962 0.3088728 0.3020218 0.1670613 0.1498607 0.1506347 0.1652734 0.1457507 0.2150213 0.2133101 0.1986982 0.2193035 0.2112501 0.2066101 0.1913321 0.2013821 0.1869904 0.0945766 0.0944370 0.0481769 0.0191530 0.0298872 0.0115452 0.0000000 0.1613994 0.1560499 0.1528983 0.1532063 0.1533288 0.1403469 0.1432620 
Anourosorex_squamipe 0.3521760 0.3373730 0.3289722 0.3608655 0.3564495 0.3267182 0.3170175 0.3099287 0.3344749 0.3493457 0.3612580 0.3782290 0.3037954 0.2909947 0.2668976 0.2886756 0.2774583 0.3240170 0.3076418 0.2959816 0.3090868 0.2993914 0.3041077 0.2971586 0.2903641 0.1688538 0.1548948 0.1406294 0.0000010 0.1294950 0.2204310 0.2262753 0.1980725 0.2168379 0.2129090 0.2081078 0.1947459 0.1955936 0.1893338 0.1435173 0.1353074 0.1554485 0.1705250 0.1773984 0.1709554 0.1613994 0.0000000 0.1324171 0.1348378 0.1258389 0.1235652 0.1178039 0.1229737 
Neomys_fodiens|APOB| 0.3570778 0.3461353 0.3376880 0.3367167 0.3517587 0.3229987 0.3214460 0.2944740 0.3232125 0.3536240 0.3563566 0.3660445 0.2826265 0.2863490 0.2488179 0.2632209 0.2590245 0.3168660 0.2924081 0.2814495 0.3024935 0.2962581 0.2839540 0.2935695 0.2836920 0.1603796 0.1343539 0.1363293 0.1320725 0.1064764 0.1993965 0.2107155 0.1834028 0.2052188 0.1977223 0.1931414 0.1801806 0.1874933 0.1701561 0.1250478 0.1217258 0.1304351 0.1518886 0.1530196 0.1493970 0.1560499 0.1324171 0.0000000 0.0534266 0.0486402 0.0442819 0.0350927 0.0394144 
Episoriculus_caudatu 0.3377407 0.3365432 0.3281681 0.3365891 0.3443007 0.3218957 0.3484124 0.3267829 0.3314872 0.3518528 0.3735728 0.3836612 0.2934100 0.2990955 0.2674129 0.2825470 0.2781035 0.3275349 0.3054380 0.2975186 0.3286865 0.2989281 0.2986702 0.3012566 0.2982008 0.1630492 0.1457400 0.1415006 0.1285917 0.0940454 0.2096917 0.2275913 0.1991783 0.2181181 0.2141282 0.2092860 0.1958276 0.1867315 0.1764063 0.1225549 0.1166052 0.1275027 0.1508641 0.1490346 0.1526125 0.1528983 0.1348378 0.0534266 0.0000000 0.0462764 0.0419478 0.0331324 0.0374585 
Soriculus_nigrescens 0.3375266 0.3295722 0.3213458 0.3129831 0.3255865 0.3095906 0.3104433 0.2970244 0.3312794 0.3459222 0.3592551 0.3689734 0.2853604 0.2946470 0.2600083 0.2747578 0.2704407 0.3218481 0.2970748 0.2893626 0.3125850 0.2990156 0.2904573 0.2999437 0.2900089 0.1524657 0.1311031 0.1295358 0.1217010 0.0969117 0.1951283 0.2122821 0.1850449 0.1996543 0.1963369 0.1947559 0.1818308 0.1816047 0.1630983 0.1119837 0.1138529 0.1277503 0.1481943 0.1434865 0.1529192 0.1532063 0.1258389 0.0486402 0.0462764 0.0000000 0.0373684 0.0287001 0.0329606 
Nectogale_elegans|AP 0.3404940 0.3300415 0.3218051 0.3265122 0.3374572 0.3154652 0.3417267 0.3171968 0.3523863 0.3670534 0.3698054 0.3797522 0.2886976 0.3039456 0.2685739 0.2836266 0.2792055 0.3191407 0.3063857 0.2985118 0.3222113 0.3083288 0.2996601 0.3092924 0.2991922 0.1526622 0.1365349 0.1377607 0.1133255 0.0913924 0.1992136 0.2124606 0.1852023 0.2009554 0.1995010 0.1929669 0.1857358 0.1898144 0.1725664 0.1140754 0.1113387 0.1278514 0.1513190 0.1494783 0.1530413 0.1533288 0.1235652 0.0442819 0.0419478 0.0373684 0.0000000 0.0203591 0.0245500 
Chimarrogale_himalay 0.3247802 0.3148599 0.3068803 0.2999883 0.3142201 0.2872710 0.3110573 0.2914035 0.3209704 0.3452964 0.3442105 0.3536062 0.2758007 0.2812988 0.2476965 0.2620175 0.2578471 0.3083105 0.2907860 0.2832108 0.2987705 0.2891721 0.2807458 0.2865228 0.2804901 0.1450086 0.1244658 0.1262551 0.1122609 0.0849988 0.1877157 0.2044746 0.1778605 0.1989389 0.1917981 0.1873605 0.1747185 0.1786961 0.1620714 0.1003572 0.0973356 0.1158231 0.1380975 0.1364511 0.1400929 0.1403469 0.1178039 0.0350927 0.0331324 0.0287001 0.0203591 0.0000000 0.0079182 
Chimarrogale_platyce 0.3254140 0.3154606 0.3074614 0.3005491 0.3148135 0.2877989 0.3151896 0.2954108 0.3147631 0.3426367 0.3453419 0.3547796 0.2732463 0.2787219 0.2451856 0.2594798 0.2553214 0.3057098 0.2882068 0.2806449 0.2961760 0.2866042 0.2781739 0.2839530 0.2779209 0.1546251 0.1298579 0.1317353 0.1211595 0.0935467 0.1936365 0.2106192 0.1836508 0.2051933 0.1977935 0.1932695 0.1804674 0.1846034 0.1677353 0.1054764 0.1023996 0.1185593 0.1412163 0.1395266 0.1430010 0.1432620 0.1229737 0.0394144 0.0374585 0.0329606 0.0245500 0.0079182 0.0000000 
